,iteration_num,N_screened,percentage_screened,mean_score,min_score,shared_with_top_N,N_found_by_now,N_found_if_random,percentage_found
0,0,0,0.0,-30.720533999999997,-85.75,8,8,10,0.016629596524414328
1,1,20000,0.020786951149396795,-33.3765735,-78.95,5,13,20,0.02702309435217328
2,2,40000,0.04157390229879359,-62.059242000000005,-89.1,747,760,30,1.5798116698193612
3,3,60000,0.06236085344819038,-62.49126700000001,-87.44,808,1568,40,3.259400918785208
4,4,80000,0.08314780459758718,-62.755454,-90.62,800,2368,50,4.9223605712266405
5,5,100000,0.10393475574698398,-62.658632000000004,-88.29,745,3113,60,6.470991747562725
6,6,120000,0.12472170689638076,-62.903372499999996,-93.3,878,3991,70,8.296089966117197
7,7,140000,0.14550865804577756,-62.426210499999996,-89.88,761,4752,80,9.877980335502109
8,8,160000,0.16629560919517436,-62.583179,-89.13,752,5504,90,11.441162408797057
9,9,180000,0.18708256034457116,-61.58832050000001,-88.55,632,6136,100,12.754900534225788
10,10,200000,0.20786951149396796,-61.575954,-88.36,637,6773,110,14.07903215748228
11,11,220000,0.22865646264336476,-60.905449,-86.03,551,7324,120,15.224395618101315
12,12,240000,0.24944341379276153,-46.870163500000004,-85.74,104,7428,130,15.440580372918703
13,13,260000,0.27023036494215835,-60.9542,-86.58,525,7953,140,16.531897644833393
14,14,280000,0.2910173160915551,-59.610488000000004,-85.52,517,8470,150,17.60658532022367
15,15,300000,0.31180426724095195,-60.831927,-85.08,407,8877,160,18.452616043403246
16,16,320000,0.3325912183903487,-60.623230500000005,-83.2,465,9342,170,19.41921134138483
17,17,340000,0.3533781695397455,-58.993089000000005,-87.8,407,9749,180,20.265242064564408
18,18,360000,0.3741651206891423,-58.150043499999995,-84.51,383,10132,190,21.061383998170744
19,19,380000,0.3949520718385391,-59.540791500000005,-87.74,435,10567,200,21.96561830918577
20,20,400000,0.4157390229879359,-59.447394,-88.3,466,11033,210,22.93429230673291
21,21,420000,0.43652597413733274,-59.3107515,-87.48,396,11429,220,23.757457334691416
22,22,440000,0.4573129252867295,-59.374581000000006,-87.81,525,11954,230,24.84877460660611
23,23,460000,0.4780998764361262,-52.86453500000001,-88.28,237,12191,240,25.341426403641883
24,24,480000,0.49888682758552305,-58.8924785,-85.53,469,12660,250,26.316336499885672
25,25,500000,0.5196737787349198,-59.358295500000004,-86.49,404,13064,260,27.156131124368592
26,26,520000,0.5404607298843167,-59.230601,-90.02,416,13480,270,28.020870143638138
27,27,540000,0.5612476810337135,-58.9392125,-86.29,317,13797,280,28.67981790591806
28,28,560000,0.5820346321831102,-58.122535,-88.98,358,14155,290,29.423992350385596
29,29,580000,0.602821583332507,-57.869522499999995,-98.98,360,14515,300,30.172324193984245
30,30,600000,0.6236085344819039,-57.5705385,-85.87,394,14909,310,30.991331822811645
31,31,620000,0.6443954856313007,-58.0147605,-89.81,371,15280,320,31.762529361631366
32,32,640000,0.6651824367806974,-56.4905845,-84.78,354,15634,330,32.4983890078367
33,33,660000,0.6859693879300942,-56.5738955,-84.24,286,15920,340,33.09289708358451
34,34,680000,0.706756339079491,-55.8031145,-87.37,376,16296,350,33.87448812023198
35,35,700000,0.7275432902288879,-54.594913,-88.89,300,16596,360,34.498097989897516
36,36,720000,0.7483302413782846,-56.92491699999999,-87.89,289,16885,370,35.09884216434199
37,37,740000,0.7691171925276814,-56.0822595,-86.46,279,17164,380,35.67879934313093
38,38,760000,0.7899041436770782,-55.732680499999994,-88.19,265,17429,390,36.22965472800217
39,39,780000,0.810691094826475,-56.693014,-87.89,253,17682,400,36.755565718086764
40,40,800000,0.8314780459758718,-55.664241000000004,-84.35,91,17773,410,36.94472737855198
41,41,820000,0.8522649971252686,-55.24311850000001,-85.38,242,18015,420,37.447772673415514
42,42,840000,0.8730519482746655,-55.8243905,-85.81,257,18272,430,37.98199846176232
43,43,860000,0.8938388994240622,-54.992368500000005,-83.28,207,18479,440,38.41228927183154
44,44,880000,0.914625850573459,-55.2068595,-85.85,276,18755,450,38.98601035192384
45,45,900000,0.9354128017228557,-57.596591000000004,-92.64,548,19303,460,40.125137713846215
46,46,920000,0.9561997528722525,-54.654716500000006,-88.57,335,19638,470,40.82150206830607
47,47,940000,0.9769867040216493,-54.076995499999995,-88.57,320,19958,480,41.48668592928264
48,48,960000,0.9977736551710461,-54.5507385,-88.32,331,20289,490,42.174735485480284
49,49,980000,1.0185606063204429,-54.580358999999994,-90.87,386,20675,500,42.97711351778328
50,50,1000000,1.0393475574698396,-54.09504450000001,-86.21,358,21033,510,43.72128796225081
51,51,1020000,1.0601345086192366,-52.501098999999996,-86.55,184,21217,520,44.10376868231234
52,52,1040000,1.0809214597686334,-52.74505550000001,-89.41,365,21582,530,44.86249402373875
53,53,1060000,1.1017084109180302,-53.1688145,-93.38,332,21914,540,45.55262227950194
54,54,1080000,1.122495362067427,-53.3854875,-88.87,325,22239,550,46.22819963830628
55,55,1100000,1.1432823132168237,-52.544504499999995,-87.09,318,22557,560,46.889226100151745
56,56,1120000,1.1640692643662205,-59.827971,-89.57,613,23170,570,48.16346893383499
57,57,1140000,1.1848562155156173,-53.0609425,-86.0,330,23500,580,48.84943979046709
58,58,1160000,1.205643166665014,-51.788256,-88.05,338,23838,590,49.552040243623594
59,59,1180000,1.2264301178144108,-50.35493,-89.02,347,24185,600,50.27334899287006
60,60,1200000,1.2472170689638078,-52.275795,-86.43,255,24440,610,50.80341738208577
61,61,1220000,1.2680040201132046,-43.4531775,-84.78,158,24598,620,51.13185191344295
62,62,1240000,1.2887909712626013,-47.164017,-84.62,193,24791,630,51.53304092959444
63,63,1260000,1.309577922411998,-51.471199,-88.08,316,25107,640,52.18990999230881
64,64,1280000,1.3303648735613949,-50.263304999999995,-84.74,265,25372,650,52.74076537718003
65,65,1300000,1.3511518247107916,-41.355422499999996,-83.93,120,25492,660,52.99020932504626
66,66,1320000,1.3719387758601884,-49.3176675,-84.78,254,25746,670,53.51819901469641
67,67,1340000,1.3927257270095852,-60.80645349999999,-93.76,697,26443,680,54.967052611886004
68,68,1360000,1.413512678158982,-48.7960515,-87.7,169,26612,690,55.31835283846426
69,69,1380000,1.4342996293083787,-39.959692,-85.52,103,26715,700,55.53245889371608
70,70,1400000,1.4550865804577757,-37.42581750000001,-81.79,27,26742,710,55.58858378198599
71,71,1420000,1.4758735316071725,-50.897478,-98.25,277,27019,720,56.16438356164384
72,72,1440000,1.4966604827565693,-33.854268499999996,-81.15,23,27042,730,56.21219365165153
73,73,1460000,1.517447433905966,-42.84081449999999,-82.95,157,27199,740,56.538549483443155
74,74,1480000,1.5382343850553628,-51.96695450000001,-96.74,120,27319,750,56.78799343130937
75,75,1500000,1.5590213362047596,-48.421846,-86.82,160,27479,760,57.12058536179766
76,76,1520000,1.5798082873541563,-49.1531625,-85.56,212,27691,770,57.56126966969464
77,77,1540000,1.6005952385035531,-50.24024,-88.11,134,27825,780,57.83981541147858
78,78,1560000,1.62138218965295,-61.7362845,-93.85,793,28618,790,59.488224166961146
79,79,1580000,1.6421691408023469,-47.9112315,-83.29,111,28729,800,59.718959818737396
80,80,1600000,1.6629560919517437,-47.701492,-84.78,95,28824,810,59.91643627746481
81,81,1620000,1.6837430431011404,-47.436083499999995,-86.42,124,28948,820,60.174195023593235
82,82,1640000,1.7045299942505372,-48.4994055,-84.98,137,29085,830,60.45897686407383
83,83,1660000,1.725316945399934,-47.494953,-85.23,111,29196,840,60.68971251585008
84,84,1680000,1.746103896549331,-48.725092,-85.29,114,29310,850,60.92668426632299
85,85,1700000,1.7668908476987277,-48.38485049999999,-85.3,183,29493,860,61.307086286818965
86,86,1720000,1.7876777988481245,-49.477231499999995,-86.4,143,29636,870,61.60434032469288
87,87,1740000,1.8084647499975213,-48.205743500000004,-87.07,129,29765,880,61.87249256864905
88,88,1760000,1.829251701146918,-48.408952,-87.09,101,29866,890,62.08244122476978
89,89,1780000,1.8500386522963148,-62.040955000000004,-86.76,802,30668,900,63.74955827634232
90,90,1800000,1.8708256034457114,-47.645303999999996,-85.7,117,30785,910,63.99276612551188
91,91,1820000,1.8916125545951081,-48.631716000000004,-91.09,152,30937,920,64.30872845947574
92,92,1840000,1.912399505744505,-49.0211585,-86.36,179,31116,930,64.68081568170952
93,93,1860000,1.933186456893902,-48.57234450000001,-89.61,197,31313,940,65.09031949612323
94,94,1880000,1.9539734080432987,-49.3805105,-89.82,290,31603,950,65.69314237013324
95,95,1900000,1.9747603591926954,-49.166059499999996,-92.77,320,31923,960,66.35832623110983
96,96,1920000,1.9955473103420922,-48.8860885,-88.63,269,32192,970,66.91749641424325
97,97,1940000,2.016334261491489,-47.9085125,-87.91,196,32388,980,67.3249215290914
98,98,1960000,2.0371212126408857,-49.1552825,-87.79,263,32651,990,67.87161951483152
99,99,1980000,2.0579081637902825,-49.622859999999996,-88.47,289,32940,1000,68.47236368927598
